68 68 65 01 00 00 00 00 00 00 00 00 00 00 00 00 00 00 01 01 00 FA 15 FB
FF 0B 02 C3 3A 01 00 34 01 00 00 0C 0C 00 00 04 00 65 01 02 01 00 00 00 00 00 00 00 00 00 00 00 00 00 00 00 00 00 00 00 00 00 00 00 00 00 00 00 00 00 00 00 00 00 00 00 00 00 00 00 00 00 00 00 00 00 00 00 00 00 00 00 00 00 00 00 00 00 00 00 00 00 00 00 00 00 00 00 00 00 00 00 00 00 00 00 00 00 00 00 00 00 00 00 00 00 00 00 00 00 00 00 00 00 00 00 00 00 37 02 12 01 00 00 00 00 00 00 00 00 00 00 00 00 00 00 00 00 00 00 00 00 00 00 00 00 00 00 00 00 00 00 00 00 00 00 00 00 00 00 00 00 00 00 00 00 00 00 00 00 00 00 00 65 03 02 01 00 00 00 00 00 00 00 00 00 00 00 00 00 00 00 00 00 00 00 00 00 00 00 00 00 00 00 00 00 00 00 00 00 00 00 00 00 00 00 00 00 00 00 00 00 00 00 00 00 00 00 00 00 00 00 00 00 00 00 00 00 00 00 00 00 00 00 00 00 00 00 00 00 00 00 00 00 00 00 00 00 00 00 00 00 00 00 00 00 00 00 00 00 00 00 00 00 3D ED 21 01 00 00 00 00 00 00 00 00 00 00 00 00 00 00 00 00 00 00 00 00 00 00 00 00 00 00 00 00 00 00 00 00 00 00 00 00 00 00 00 00 00 00 00 00 00 00 00 00 00 00 00 00 00 00 00 00 00

模拟数据1
模拟逆变器（MODBUS协议）一个设备的数据
发送时间 2011-04-02  15:34:23
68 68 头部
8C 00     整包长度 140
61 61 61 61 61 61 61 61 61 61 61 61 61 61 61   设备ID aaaaaaaaaaaaaaa
00 01 设备版本号
0B 04 02 0E 28 28 日期2011 04 02 15:40：40
13 88 00 00 总功率 5000
01 F4 00 00 今日总发电量 500
C3 50 00 00 总发电量 50000
01 设备区个数 1
00 故障区个数 0

63 数据长度
08 设备地址 8
02 设备类型 02
00 01  设备版本 1.0

20 00 设备类型编码SG2K5TL	0x20
32 00 额定输出功率	5001	U16  50
00 00 输出类型	5002	U16 两厢
32 00 日发电量	5003	U16 50
01 90 00 00 总发电量	5004～5005	U32 400
07 D0 00 00 总运行时间	5006～5007	U32 2000
FF FF 机内空气温度	5008	S16  -0.1 =-1*0.1
FF FF 机内变压器温度	5009	S16 -0.1 =-1*0.1
FF FF 机内散热器温度	5010	S16 -0.1 =-1*0.1
28 00 直流电压1	5011	U16 4= 40*01
28 00 直流电流1	5012	U16
28 00 直流电压2	5013	U16
28 00 直流电流2	5014	U16
28 00 直流电压3	5015	U16
28 00 直流电流3	5016	U16
28 00 00 00 总直流功率	5017～5018	U32
28 00 A相电压	5019	U16
28 00 B相电压	5020	U16
28 00 C相电压	5021	U16
28 00 A相电流	5022	U16
28 00 B相电流	5023	U16
28 00 C相电流	5024	U16
28 00 00 00 A相有功功率	5025～5026	U32
28 00 00 00 B相有功功率	5027～5028	U32
28 00 00 00 C相有功功率	5029～5030	U32

28 00 00 00 总有功功率	5031～5032	U32
28 00 00 00 总无功功率	5033～5034	S32
28 00 总功率因数	5035	S16
28 00 电网频率	5036	U16
28 00 逆变器效率	5037	U16
28 00 设备状态	5038	U16
0B 00 状态时间：年	5039	U16
0B 00 状态时间：月	5040	U16
0B 00 状态时间：日	5041	U16
0B 00 状态时间：时	5042	U16
0B 00 态时间：分	5043	U16
0B 00 状态时间：秒	5044	U16
00 00 状态数据1	5045	U16
00 00 状态数据2	5046	U16
00 00 状态数据3	5047	U16







68 68
8C 00
61 61 61 61 61 61 61 61 61 61 61 61 61 61 61
00 01
0B 04 02 0E 28 28 
13 88 00 00
01 F4 00 00
C3 50 00 00
01
00

63
08
02
01 00

20 00
32 00
00 00
32 00
01 90 00 00
07 D0 00 00
FF FF
FF FF
FF FF
28 00
28 00
28 00
28 00
28 00
28 00
28 00 00 00
28 00
28 00
28 00
28 00
28 00
28 00
28 00 00 00
28 00 00 00
28 00 00 00
28 00 00 00
28 00 00 00
28 00
28 00
28 00
28 00
0B 00
0B 00
0B 00
0B 00
0B 00
0B 00
00 00
00 00
00 00








